# Rhino

v 15.215192377567291 -25.668542861938477 -8.2624473571777344
v 13.133595824241638 -25.326938629150391 -8.1224308013916016
v 13.133718252182007 -19.9505615234375 -16.59370231628418
v 15.256095379590988 -20.218025207519531 -16.842592239379883
v 15.256141692399979 -27.635629653930664 1.7107767760753632
v 13.133796572685242 -27.270345687866211 1.715200662612915
v 17.291814088821411 -19.801261901855469 -16.45440673828125
v 17.290827035903931 -25.135286331176758 -8.0539617538452148
v 17.291989326477051 -27.066036224365234 1.7166929244995117
v 17.28910231590271 -25.344200134277344 11.514479637145996
v 15.244165137410164 -25.877048492431641 11.716788291931152
v 18.8859543800354 -23.838855743408203 -7.5350809097290039
v 18.884038686752319 -25.667835235595703 1.7263934314250946
v 18.892889976501465 -24.028291702270508 11.016242980957031
v 18.886680364608765 -19.149759292602539 19.089103698730469
v 17.291352987289429 -20.193815231323242 20.024116516113281
v 19.729753971099854 -23.700214385986328 1.7492154240608215
v 19.730730056762695 -22.190000534057617 10.326177597045898
v 19.730674266815186 -17.684093475341797 17.77793025970459
v 19.730676174163818 -10.795829772949219 23.099706649780273
v 18.892334461212158 -11.685800552368164 24.848838806152344
v 19.641329288482666 -20.184732437133789 9.5785694122314453
v 19.641022682189941 -16.087484359741211 16.359360694885254
v 19.641858100891113 -9.8179588317871094 21.198589324951172
v 19.640822887420654 -2.2208914756774902 23.447408676147461
v 19.731213092803955 -2.4453971385955811 25.573667526245117
v 18.622766733169556 -14.679667472839355 15.099270820617676
v 18.626651287078857 -8.9605169296264648 19.516202926635742
v 18.625205993652344 -2.028369665145874 21.571321487426758
v 18.624761581420898 5.1822223663330078 20.978622436523438
v 19.641471862792969 5.6790814399719238 22.800996780395508
v 16.838606119155884 -8.3709917068481445 18.371337890625
v 16.845832347869873 -1.8958996534347534 20.294597625732422
v 16.880086660385132 4.8528823852539062 19.755475997924805
v 16.841325402259827 10.923148155212402 16.794400215148926
v 18.631625413894653 11.690098762512207 17.834620475769043
v 14.767932027578354 -1.861303448677063 19.940206527709961
v 14.767671808600426 4.7506842613220215 19.397464752197266
v 14.767742604017258 10.711788177490234 16.510068893432617
v 14.767285212874413 15.229948997497559 11.659598350524902
v 16.833830237388611 15.527183532714844 11.847392082214355
v 12.737923145294189 4.8934187889099121 19.931573867797852
v 12.737242221832275 11.039447784423828 16.955857276916504
v 12.73616099357605 15.695835113525391 11.958768844604492
v 12.732361078262329 18.235456466674805 5.615908145904541
v 14.762312054634094 17.690805435180664 5.507911205291748
v 11.080296277999878 11.904760360717773 18.13031005859375
v 11.080679893493652 16.927490234375 12.738482475280762
v 11.078989267349243 19.66533088684082 5.9020063877105713
v 11.073107957839966 19.755083084106445 -1.4683911800384521
v 12.685931444168091 18.337575912475586 -1.221482515335083
v 10.257379055023193 18.599164962768555 13.804000854492188
v 10.254985332489014 21.620319366455078 6.2911052703857422
v 10.257433414459229 21.696691513061523 -1.8122096061706543
v 10.258677005767822 18.84699821472168 -9.3861799240112305
v 11.078757524490356 17.158725738525391 -8.3689718246459961
v 10.377891540527344 23.702537536621094 6.6973991394042969
v 10.377822875976562 23.79987907409668 -2.1798629760742188
v 10.378410816192627 20.682346343994141 -10.496773719787598
v 10.380713939666748 14.776185989379883 -17.133934020996094
v 10.271331310272217 13.406889915466309 -15.354255676269531
v 11.405458211898804 25.638227462768555 -2.5011200904846191
v 11.404597520828247 22.280002593994141 -11.462220191955566
v 11.40589165687561 15.916075706481934 -18.597261428833008
v 11.404358148574829 7.3988075256347656 -22.958761215209961
v 10.378412246704102 6.8634223937988281 -21.168888092041016
v 13.133999228477478 23.343667984008789 -12.101292610168457
v 13.134320974349976 16.673580169677734 -19.580848693847656
v 13.133877396583557 7.7547860145568848 -24.147090911865234
v 13.134650349617004 -2.2164909839630127 -25.181735992431641
v 11.409527540206909 -2.118098258972168 -23.947355270385742
v 15.242221891880035 16.897605895996094 -19.870447158813477
v 15.237574175000191 7.8577027320861816 -24.49995231628418
v 15.242761448025703 -2.2453563213348389 -25.546291351318359
v 15.244648173451424 -12.046201705932617 -22.878225326538086
v 13.13664186000824 -11.888754844665527 -22.547630310058594
v 17.292413473129272 7.6963653564453125 -23.951152801513672
v 17.29143214225769 -2.1999373435974121 -24.978065490722656
v 17.289117813110352 -11.800331115722656 -22.364057540893555
v 18.886875629425049 -2.0884861946105957 -23.580795288085938
v 18.893377304077148 -11.190898895263672 -21.095005035400391
v 18.890206336975098 -18.773225784301758 -15.494379043579102
v 19.730738639831543 -10.340283393859863 -19.325969696044922
v 19.729764938354492 -17.341436386108398 -14.156694412231445
v 19.727425098419189 -22.024789810180664 -6.8027458190917969
v 19.640740394592285 -15.777510643005371 -12.697628021240234
v 19.647313594818115 -20.044685363769531 -6.010981559753418
v 19.641195774078369 -21.565099716186523 1.7753066569566727
v 18.637347936630249 -18.279422760009766 -5.3090991973876953
v 18.624749898910522 -19.676738739013672 1.7907738238573074
v 18.625189304351807 -18.418006896972656 8.9147143363952637
v 16.838670372962952 -18.390834808349609 1.8069797307252884
v 16.839452981948853 -17.21348762512207 8.4647688865661621
v 16.838111877441406 -13.719643592834473 14.246705055236816
v 14.767863139510155 -16.883150100708008 8.3386001586914062
v 14.767969399690628 -13.458065032958984 14.009446144104004
v 14.76768858730793 -8.2116842269897461 18.055984497070312
v 12.731430292129517 -13.873075485229492 14.379526138305664
v 12.735779047012329 -8.4650821685791016 18.548488616943359
v 12.74236011505127 -1.9177114963531494 20.488153457641602
v 11.078437328338623 -9.1270380020141602 19.850351333618164
v 11.081283807754517 -2.0668704509735107 21.9404296875
v 11.078821897506714 5.2793154716491699 21.340692520141602
v 10.258087635040283 -2.273292064666748 23.910520553588867
v 10.257373332977295 5.7950310707092285 23.254470825195312
v 10.257116317749023 13.080163955688477 19.727558135986328
v 10.378407955169678 6.3568577766418457 25.313430786132812
v 10.37781286239624 14.354181289672852 21.438682556152344
v 10.377984523773193 20.401998519897461 14.947800636291504
v 11.405487060546875 15.463896751403809 22.939140319824219
v 11.40501594543457 21.980293273925781 15.945117950439453
v 11.405008792877197 25.534318923950195 7.0592269897460938
v 13.134095191955566 23.030176162719727 16.606971740722656
v 13.134103298187256 26.751184463500977 7.3033814430236816
v 13.134244918823242 26.860336303710938 -2.7185592651367188
v 15.243274196982384 27.110904693603516 7.3743276596069336
v 15.242778420448303 27.221248626708984 -2.7816176414489746
v 15.237601146101952 23.657405853271484 -12.29219913482666
v 17.291988611221313 26.658990859985352 -2.6832613945007324
v 17.292269945144653 23.168596267700195 -11.995746612548828
v 17.291806221008301 16.548566818237305 -19.419168472290039
v 18.891998767852783 21.96403694152832 -11.272140502929688
v 18.89060115814209 15.690607070922852 -18.305671691894531
v 18.892274141311646 7.2931380271911621 -22.605510711669922
v 19.729062080383301 14.493701934814453 -16.768363952636719
v 19.730498790740967 6.7276110649108887 -20.727392196655273
v 19.730736255645752 -1.9314460754394531 -21.620601654052734
v 19.641644954681396 6.1233577728271484 -18.674814224243164
v 19.641293048858643 -1.7577196359634399 -19.493204116821289
v 19.641618728637695 -9.4051198959350586 -17.402339935302734
v 18.623276710510254 -1.600959300994873 -17.60972785949707
v 18.625530958175659 -8.574915885925293 -15.706548690795898
v 18.62597131729126 -14.397459983825684 -11.415775299072266
v 16.841992259025574 -8.0187091827392578 -14.547819137573242
v 16.88372278213501 -13.471872329711914 -10.551148414611816
v 16.849089860916138 -17.077314376831055 -4.8268437385559082
v 14.767693936824799 -13.19687557220459 -10.297514915466309
v 14.767085835337639 -16.744338989257812 -4.6965517997741699
v 14.767756417393684 -18.037445068359375 1.8107604086399078
v 12.724206924438477 -17.264507293701172 -4.9034223556518555
v 12.697849988937378 -18.613210678100586 1.8027653694152832
v 12.733340978622437 -17.402927398681641 8.5332484245300293
v 11.086656808853149 -20.041118621826172 1.7872380763292313
v 11.079257965087891 -18.768434524536133 9.0448193550109863
v 11.071929693222046 -14.969385147094727 15.355053901672363
v 10.25645637512207 -20.626306533813477 9.733797550201416
v 10.258248329162598 -16.436847686767578 16.663297653198242
v 10.257509708404541 -10.035118103027344 21.609804153442383
v 10.377556800842285 -18.029317855834961 18.084844589233398
v 10.378505706787109 -11.012057304382324 23.50933837890625
v 10.380712985992432 -2.4947259426116943 26.046125411987305
v 11.404484272003174 -11.854268074035645 25.176900863647461
v 11.405884504318237 -2.6784398555755615 27.891944885253906
v 11.40453028678894 6.8522839546203613 27.113212585449219
v 13.134383678436279 -2.8079874515533447 29.126716613769531
v 13.134015202522278 7.1823248863220215 28.309499740600586
v 13.134253144264221 16.199058532714844 23.939298629760742
v 15.237645775079727 7.2776646614074707 28.664182662963867
v 15.24275815486908 16.416847229003906 24.233890533447266
v 15.243251070380211 23.339767456054688 16.803469657897949
v 17.291936635971069 16.077688217163086 23.774803161621094
v 17.292098760604858 22.857620239257812 16.497400283813477
v 17.29215145111084 26.550621032714844 7.2637286186218262
v 18.891575336456299 21.669300079345703 15.747179985046387
v 18.891560792922974 25.172599792480469 6.9876194000244141
v 18.891058206558228 25.275161743164062 -2.4375953674316406
v 19.730850219726562 23.249589920043945 6.6063032150268555
v 19.730946063995361 23.344364166259766 -2.1004886627197266
v 19.730607509613037 20.284069061279297 -10.261604309082031
v 19.641283512115479 21.235261917114258 -1.7387466430664062
v 19.642239570617676 18.453681945800781 -9.1560831069946289
v 19.640987873077393 13.18010425567627 -15.06568717956543
v 18.625036716461182 16.838579177856445 -8.1743755340576172
v 18.624143838882446 12.029598236083984 -13.568809509277344
v 18.624346494674683 5.5923833847045898 -16.860946655273438
v 16.837610840797424 11.242307662963867 -12.552629470825195
v 16.838470816612244 5.2270441055297852 -15.628705978393555
v 16.838440418243408 -1.4948786497116089 -16.329761505126953
v 14.76765339076519 5.1291842460632324 -15.289299011230469
v 14.762678995728493 -1.470340371131897 -15.977624893188477
v 14.767403125762939 -7.8635625839233398 -14.229087829589844
v 12.698719024658203 -1.5164141654968262 -16.550727844238281
v 12.733180522918701 -8.1017265319824219 -14.730514526367188
v 12.731125116348267 -13.603902816772461 -10.676597595214844
v 11.078395128250122 -8.7376203536987305 -16.043954849243164
v 11.079344749450684 -14.671466827392578 -11.668793678283691
v 11.0686354637146 -18.628231048583984 -5.4460039138793945
v 10.259449005126953 -16.106403350830078 -13.007047653198242
v 10.253612518310547 -20.472051620483398 -6.1881132125854492
v 10.258341312408447 -22.029642105102539 1.7656848728656769
v 10.383270740509033 -22.451213836669922 -6.9799537658691406
v 10.378664016723633 -24.162176132202148 1.7437010407447815
v 10.378128528594971 -22.624721527099609 10.483144760131836
v 11.405912399291992 -26.02800178527832 1.7269003391265869
v 11.403285503387451 -24.373046875 11.145392417907715
v 11.409679412841797 -19.424179077148438 19.333843231201172
v 13.136738181114197 -25.534914016723633 11.586338043212891
v 13.134793043136597 -20.346351623535156 20.160110473632812
v 13.133965730667114 -12.415013313293457 26.283323287963867
v 15.237539693713188 -20.618186950683594 20.405008316040039
v 15.242834344506264 -12.581987380981445 26.610443115234375
v 15.242747917771339 -2.8448097705841064 29.490915298461914
v 17.292355298995972 -12.321889877319336 26.101299285888672
v 17.291847705841064 -2.7872340679168701 28.92333984375
v 17.292349576950073 7.1284923553466797 28.112224578857422
v 18.891522884368896 -2.643479585647583 27.523645401000977
v 18.892271757125854 6.7555623054504395 26.757221221923828
v 18.891025543212891 15.245034217834473 22.64246940612793
v 19.72859525680542 6.2414417266845703 24.877040863037109
v 19.730727672576904 14.080601692199707 21.067546844482422
v 19.730799198150635 20.013765335083008 14.697200775146484
v 19.637972831726074 12.797893524169922 19.337390899658203
v 19.645507335662842 18.218271255493164 13.561858177185059
v 19.645350456237793 21.167587280273438 6.1899065971374512
v 18.625181913375854 16.617258071899414 12.533378601074219
v 18.625075578689575 19.298141479492188 5.8293371200561523
v 18.625332593917847 19.3782958984375 -1.4058873653411865
v 16.841507792472839 18.03822135925293 5.5762944221496582
v 16.883503675460815 18.131572723388672 -1.1867482662200928
v 16.83810830116272 15.737469673156738 -7.5096817016601562
v 14.767546892166138 17.763275146484375 -1.1223866939544678
v 14.767907068133354 15.436777114868164 -7.3245410919189453
v 14.768048137426376 11.024638175964355 -12.27476978302002
v 12.727612495422363 15.914040565490723 -7.6132879257202148
v 12.736201286315918 11.36286449432373 -12.713249206542969
v 12.732419967651367 5.282834529876709 -15.82307243347168
v 11.086710214614868 12.250385284423828 -13.859489440917969
v 11.079105138778687 5.6968750953674316 -17.221025466918945
v 11.073953866958618 -1.6332679986953735 -17.991523742675781
v 10.258505344390869 6.2596526145935059 -19.111930847167969
v 10.256077766418457 -1.7951953411102295 -19.967374801635742
v 10.257165431976318 -9.6097707748413086 -17.819517135620117
v 10.377486705780029 -1.9692702293395996 -22.08074951171875
v 10.378129959106445 -10.54205322265625 -19.741813659667969
v 10.378731727600098 -17.679527282714844 -14.47169303894043
v 11.403688907623291 -11.351541519165039 -21.427642822265625
v 11.412373542785645 -19.050497055053711 -15.7476806640625
v 11.411175727844238 -24.182779312133789 -7.6647357940673828
f 1 2 3 4
f 1 5 6 2
f 1 4 7 8
f 1 8 9 5
f 9 10 11 5
f 9 8 12 13
f 9 13 14 10
f 14 15 16 10
f 14 13 17 18
f 14 18 19 15
f 19 20 21 15
f 19 18 22 23
f 19 23 24 20
f 24 25 26 20
f 24 23 27 28
f 24 28 29 25
f 29 30 31 25
f 29 28 32 33
f 29 33 34 30
f 34 35 36 30
f 34 33 37 38
f 34 38 39 35
f 39 40 41 35
f 39 38 42 43
f 39 43 44 40
f 44 45 46 40
f 44 43 47 48
f 44 48 49 45
f 49 50 51 45
f 49 48 52 53
f 49 53 54 50
f 54 55 56 50
f 54 53 57 58
f 54 58 59 55
f 59 60 61 55
f 59 58 62 63
f 59 63 64 60
f 64 65 66 60
f 64 63 67 68
f 64 68 69 65
f 69 70 71 65
f 69 68 72 73
f 69 73 74 70
f 74 75 76 70
f 74 73 77 78
f 74 78 79 75
f 79 7 4 75
f 79 78 80 81
f 79 81 82 7
f 82 12 8 7
f 82 81 83 84
f 82 84 85 12
f 85 17 13 12
f 85 84 86 87
f 85 87 88 17
f 88 22 18 17
f 88 87 89 90
f 88 90 91 22
f 91 27 23 22
f 91 90 92 93
f 91 93 94 27
f 94 32 28 27
f 94 93 95 96
f 94 96 97 32
f 97 37 33 32
f 97 96 98 99
f 97 99 100 37
f 100 42 38 37
f 100 99 101 102
f 100 102 103 42
f 103 47 43 42
f 103 102 104 105
f 103 105 106 47
f 106 52 48 47
f 106 105 107 108
f 106 108 109 52
f 109 57 53 52
f 109 108 110 111
f 109 111 112 57
f 112 62 58 57
f 112 111 113 114
f 112 114 115 62
f 115 67 63 62
f 115 114 116 117
f 115 117 118 67
f 118 72 68 67
f 118 117 119 120
f 118 120 121 72
f 121 77 73 72
f 121 120 122 123
f 121 123 124 77
f 124 80 78 77
f 124 123 125 126
f 124 126 127 80
f 127 83 81 80
f 127 126 128 129
f 127 129 130 83
f 130 86 84 83
f 130 129 131 132
f 130 132 133 86
f 133 89 87 86
f 133 132 134 135
f 133 135 136 89
f 136 92 90 89
f 136 135 137 138
f 136 138 139 92
f 139 95 93 92
f 139 138 140 141
f 139 141 142 95
f 142 98 96 95
f 142 141 143 144
f 142 144 145 98
f 145 101 99 98
f 145 144 146 147
f 145 147 148 101
f 148 104 102 101
f 148 147 149 150
f 148 150 151 104
f 151 107 105 104
f 151 150 152 153
f 151 153 154 107
f 154 110 108 107
f 154 153 155 156
f 154 156 157 110
f 157 113 111 110
f 157 156 158 159
f 157 159 160 113
f 160 116 114 113
f 160 159 161 162
f 160 162 163 116
f 163 119 117 116
f 163 162 164 165
f 163 165 166 119
f 166 122 120 119
f 166 165 167 168
f 166 168 169 122
f 169 125 123 122
f 169 168 170 171
f 169 171 172 125
f 172 128 126 125
f 172 171 173 174
f 172 174 175 128
f 175 131 129 128
f 175 174 176 177
f 175 177 178 131
f 178 134 132 131
f 178 177 179 180
f 178 180 181 134
f 181 137 135 134
f 181 180 182 183
f 181 183 184 137
f 184 140 138 137
f 184 183 185 186
f 184 186 187 140
f 187 143 141 140
f 187 186 188 189
f 187 189 190 143
f 190 146 144 143
f 190 189 191 192
f 190 192 193 146
f 193 149 147 146
f 193 192 194 195
f 193 195 196 149
f 196 152 150 149
f 196 195 197 198
f 196 198 199 152
f 199 155 153 152
f 199 198 200 201
f 199 201 202 155
f 202 158 156 155
f 202 201 203 204
f 202 204 205 158
f 205 161 159 158
f 205 204 206 207
f 205 207 208 161
f 208 164 162 161
f 208 207 209 210
f 208 210 211 164
f 211 167 165 164
f 211 210 212 213
f 211 213 214 167
f 214 170 168 167
f 214 213 215 216
f 214 216 217 170
f 217 173 171 170
f 217 216 218 219
f 217 219 220 173
f 220 176 174 173
f 220 219 221 222
f 220 222 223 176
f 223 179 177 176
f 223 222 224 225
f 223 225 226 179
f 226 182 180 179
f 226 225 227 228
f 226 228 229 182
f 229 185 183 182
f 229 228 230 231
f 229 231 232 185
f 232 188 186 185
f 232 231 233 234
f 232 234 235 188
f 235 191 189 188
f 235 234 236 237
f 235 237 238 191
f 238 194 192 191
f 238 237 3 2
f 238 2 6 194
f 237 236 76 3
f 236 234 233 71
f 236 71 70 76
f 233 231 230 66
f 233 66 65 71
f 230 228 227 61
f 230 61 60 66
f 227 225 224 56
f 227 56 55 61
f 224 222 221 51
f 224 51 50 56
f 221 219 218 46
f 221 46 45 51
f 218 216 215 41
f 218 41 40 46
f 215 213 212 36
f 215 36 35 41
f 212 210 209 31
f 212 31 30 36
f 209 207 206 26
f 209 26 25 31
f 206 204 203 21
f 206 21 20 26
f 203 201 200 16
f 203 16 15 21
f 200 198 197 11
f 200 11 10 16
f 197 195 194 6
f 197 6 5 11
f 76 75 4 3
